56
12 22
    13 22
    12 23
    13 23
    10 56
    11 56
    10 57
    11 57
    10 35 
    10 34 
    11 33 
    12 32 
    13 32 
    14 32 
    15 33 
    16 34 
    16 35 
    13 36 
    11 37 
    12 38 
    13 38 
    14 38 
    13 39 
    15 37 
    10 42 
    11 42 
    12 42 
    10 43 
    11 43 
    12 43 
    9 44 
    13 44 
    8 46 
    9 46 
    13 46 
    14 46 
    4 14 
    4 15 
    3 16 
    4 16 
    5 16 
    3 19 
    4 19 
    5 19 
    4 20 
    4 21 
    4 22 
    4 23 
    3 24 
    4 24 
    5 24 
    3 27 
    4 27 
    5 27 
    4 28 
    4 29 
