163
12 37
11 38
13 38
11 39
13 39
11 40 
12 40
13 40
10 41
14 41
08 42
09 42
11 42
13 42
15 42
16 42
07 43 
08 43 
09 43
15 43
16 43
17 43
05 44
06 44
08 44
16 44
18 44
19 44
05 45
08 45
16 45
19 45
06 47
08 47
16 47
18 47
06 48
11 48
12 48
13 48
18 48
06 49
08 49
16 49
18 49
11 50
13 50
07 51
17 51
06 52
07 52
09 52
10 52
14 52
15 52
17 52
18 52
06 53
08 53
10 53
14 53
16 53
18 53
05 54 
06 54
18 54
19 54
05 55
06 55
07 55
09 55
10 55
14 55
15 55
17 55
18 55
19 55
05 56
08 56
09 56
11 56
13 56
15 56
16 56
19 56
04 57
05 57
19 57
20 57
09 58
11 58
12 58
13 58
15 58
07 60
11 60
12 60
13 60
17 60
06 61
08 61
09 61
11 61
12 61
13 61
15 61
16 61
18 61
06 62
08 62
11 62
12 62
13 62
16 62
18 62
06 63
18 63
06 64
09 64
15 64
18 64
10 65
14 65
05 66
06 66
09 66
15 66
18 66
19 66
05 67
08 67
16 67
19 67
07 68
08 68
09 68
10 68
14 68
15 68
16 68
17 68
08 69
11 69
13 69
16 69
08 70
09 70
11 70
13 70
15 70
16 70
09 71
15 71
08 72
09 72
15 72
16 72
07 74
17 74
08 75
16 75
08 76
16 76
